,essay_id,score,pred_score
0,16274,3,3
1,16275,4,4
2,16276,2,2
3,16277,4,4
4,16278,4,3
5,16279,3,3
6,16280,3,3
7,16281,2,2
8,16282,2,2
9,16283,3,1
10,16284,3,3
11,16285,2,2
12,16286,4,4
13,16287,3,3
14,16288,1,1
15,16289,1,0
16,16290,3,3
17,16291,2,1
18,16292,3,3
19,16293,3,2
20,16294,4,4
21,16295,4,4
22,16296,3,3
23,16297,3,3
24,16298,2,2
25,16299,3,3
26,16300,4,3
27,16301,3,3
28,16302,3,3
29,16303,4,4
30,16304,4,4
31,16305,3,3
32,16306,2,2
33,16307,3,3
34,16308,2,3
35,16309,2,2
36,16310,2,1
37,16311,1,1
38,16312,3,3
39,16313,1,1
40,16314,2,2
41,16315,1,1
42,16316,2,2
43,16317,3,3
44,16318,3,3
45,16319,2,3
46,16320,3,3
47,16321,3,4
48,16322,4,3
49,16323,3,3
50,16324,3,3
51,16325,2,2
52,16326,0,0
53,16327,3,3
54,16328,1,1
55,16329,3,3
56,16330,2,2
57,16331,2,2
58,16332,3,2
59,16333,4,4
60,16334,2,2
61,16335,3,2
62,16336,2,2
63,16337,2,2
64,16338,3,3
65,16339,3,3
66,16340,4,4
67,16341,3,3
68,16342,2,1
69,16343,2,1
70,16344,3,3
71,16345,2,3
72,16346,3,3
73,16347,0,0
74,16348,1,3
75,16349,2,2
76,16350,3,4
77,16351,3,4
78,16352,3,3
79,16353,1,1
80,16354,3,3
81,16355,3,3
82,16356,4,3
83,16357,3,3
84,16358,2,1
85,16359,2,2
86,16360,3,3
87,16361,3,3
88,16362,2,2
89,16363,3,3
90,16364,3,3
91,16365,0,0
92,16366,3,3
93,16367,1,1
94,16368,2,2
95,16369,3,3
96,16370,2,2
97,16371,4,4
98,16372,3,3
99,16373,2,3
100,16374,2,3
101,16375,3,3
102,16376,2,2
103,16377,3,2
104,16378,1,1
105,16379,2,1
106,16380,2,3
107,16381,3,3
108,16382,3,4
109,16383,2,1
110,16384,1,1
111,16385,3,4
112,16386,2,2
113,16387,3,3
114,16388,3,4
115,16389,2,3
116,16390,4,4
117,16391,4,4
118,16392,2,2
119,16393,4,4
120,16394,2,2
121,16395,3,4
122,16396,2,3
123,16397,4,3
124,16398,4,3
125,16399,3,4
126,16400,3,3
127,16401,2,1
128,16402,2,2
129,16403,3,3
130,16404,3,4
131,16405,4,4
132,16406,4,4
133,16407,3,3
134,16408,3,3
135,16409,2,3
136,16410,3,4
137,16411,4,4
138,16412,2,3
139,16413,2,3
140,16414,4,4
141,16415,4,4
142,16416,4,4
143,16417,3,3
144,16418,2,2
145,16419,4,3
146,16420,3,3
147,16421,3,3
148,16422,3,3
149,16423,1,1
150,16424,3,4
151,16425,3,3
152,16426,3,4
153,16427,3,3
154,16428,1,1
155,16429,3,3
156,16430,4,3
157,16431,2,1
158,16432,1,1
159,16433,3,3
160,16434,2,2
161,16435,2,2
162,16436,2,3
163,16437,4,4
164,16438,2,2
165,16439,2,1
166,16440,3,3
167,16441,2,2
168,16442,2,2
169,16443,3,4
170,16444,3,3
171,16445,3,4
172,16446,3,4
173,16447,4,3
174,16448,4,4
175,16449,2,1
176,16450,1,1
177,16451,3,2
178,16452,2,3
179,16453,2,3
180,16454,4,4
181,16455,3,3
182,16456,2,2
183,16457,4,4
184,16458,2,2
185,16459,3,3
186,16460,3,3
187,16461,3,4
188,16462,3,3
189,16463,3,2
190,16464,2,3
191,16465,3,4
192,16466,3,2
193,16467,2,3
194,16468,1,1
195,16469,3,3
196,16470,4,4
197,16471,3,3
198,16472,0,1
199,16473,3,3
200,16474,1,2
201,16475,3,3
202,16476,2,2
203,16477,3,3
204,16478,3,3
205,16479,3,2
206,16480,1,2
207,16481,2,2
208,16482,3,3
209,16483,4,4
210,16484,3,4
211,16485,2,3
212,16486,2,2
213,16487,3,3
214,16488,4,4
215,16489,3,2
216,16490,4,3
217,16491,3,3
218,16492,3,3
219,16493,3,3
220,16494,3,3
221,16495,4,4
222,16496,3,4
223,16497,2,2
224,16498,2,1
225,16499,4,4
226,16500,3,3
227,16501,4,4
228,16502,1,2
229,16503,4,4
230,16504,2,2
231,16505,4,4
232,16506,3,3
233,16507,3,3
234,16508,3,4
235,16509,3,3
236,16510,2,2
237,16511,2,2
238,16512,2,1
239,16513,3,3
240,16514,4,3
241,16515,3,3
242,16516,2,2
243,16517,0,0
244,16518,1,1
245,16519,3,4
246,16520,0,1
247,16521,0,0
248,16522,3,4
249,16523,3,4
250,16524,3,4
251,16525,3,3
252,16526,3,2
253,16527,4,3
254,16528,1,1
255,16529,4,4
256,16530,4,4
257,16531,2,3
258,16532,4,3
259,16533,3,3
260,16534,0,1
261,16535,2,3
262,16536,4,4
263,16537,2,2
264,16538,3,3
265,16539,1,1
266,16540,3,3
267,16541,3,3
268,16542,3,3
269,16543,1,1
270,16544,3,4
271,16545,3,3
272,16546,3,3
273,16547,3,3
274,16548,2,3
275,16549,1,2
276,16550,2,3
277,16551,4,3
278,16552,2,1
279,16553,1,2
280,16554,3,3
281,16555,4,4
282,16556,0,0
283,16557,3,3
284,16558,4,3
285,16559,1,1
286,16560,4,3
287,16561,3,3
288,16562,4,4
289,16563,3,4
290,16564,4,4
291,16565,3,3
292,16566,4,4
293,16567,2,3
294,16568,4,3
295,16569,3,3
296,16570,2,3
297,16571,2,2
298,16572,1,0
299,16573,3,3
300,16574,3,3
301,16575,3,3
302,16576,4,4
303,16577,4,4
304,16578,2,2
305,16579,3,3
306,16580,2,2
307,16581,4,4
308,16582,3,3
309,16583,3,3
310,16584,3,3
311,16585,3,3
312,16586,4,3
313,16587,4,4
314,16588,4,4
315,16589,1,1
316,16590,4,3
317,16591,2,2
318,16592,3,3
319,16593,2,1
320,16594,0,1
321,16595,4,4
322,16596,3,3
323,16597,4,4
324,16598,4,4
325,16599,3,2
326,16600,1,1
327,16601,2,2
328,16602,4,4
329,16603,2,2
330,16604,4,3
331,16605,4,4
332,16606,1,1
333,16607,3,3
334,16608,3,3
335,16609,1,1
336,16610,3,3
337,16611,3,3
338,16612,3,3
339,16613,3,4
340,16614,1,3
341,16615,2,2
342,16616,4,4
343,16617,3,3
344,16618,1,1
345,16619,2,3
346,16620,4,4
347,16621,3,3
348,16622,3,3
349,16623,4,3
350,16624,3,4
351,16625,2,3
352,16626,2,3
353,16627,3,3
354,16628,3,3
355,16629,0,2
356,16630,2,2
357,16631,3,3
358,16632,2,1
359,16633,2,1
