The size of training data: 547
The size of testing data: 144

Essay scores in memory:
[15, 20, 21, 24, 25, 26, 27, 28, 29, 30, 31, 32, 33, 34, 35, 36, 37, 38, 39, 40, 41, 42, 43, 44, 45, 46, 47, 48, 49, 50, 55, 60]
Essay ids in memory:
[20954, 20735, 21301, 20839, 21031, 20721, 20838, 20828, 20831, 20719, 20727, 20762, 20746, 20716, 20741, 20733, 20779, 20747, 20770, 20718, 20725, 20743, 20734, 20728, 20736, 20717, 20759, 21056, 20829, 20769, 20821, 20826]
Essay ids in training:
[20722, 20723, 20724, 20726, 20732, 20737, 20739, 20742, 20745, 20748, 20751, 20754, 20755, 20756, 20757, 20758, 20760, 20761, 20763, 20764, 20765, 20766, 20767, 20768, 20771, 20772, 20773, 20774, 20775, 20776, 20777, 20778, 20781, 20783, 20784, 20785, 20787, 20790, 20791, 20792, 20793, 20794, 20795, 20796, 20797, 20800, 20802, 20803, 20804, 20805, 20806, 20807, 20808, 20809, 20812, 20813, 20814, 20815, 20817, 20818, 20819, 20822, 20823, 20824, 20825, 20827, 20830, 20832, 20833, 20835, 20836, 20840, 20841, 20842, 20844, 20846, 20847, 20848, 20849, 20850, 20851, 20852, 20853, 20856, 20857, 20859, 20860, 20861, 20862, 20863, 20865, 20866, 20869, 20870, 20871, 20872, 20874, 20876, 20877, 20878, 20879, 20881, 20882, 20883, 20884, 20885, 20887, 20888, 20889, 20892, 20893, 20894, 20895, 20896, 20897, 20898, 20899, 20900, 20901, 20902, 20904, 20905, 20906, 20907, 20908, 20909, 20910, 20911, 20913, 20914, 20915, 20916, 20917, 20918, 20919, 20920, 20921, 20922, 20923, 20924, 20925, 20926, 20927, 20928, 20929, 20930, 20931, 20932, 20933, 20935, 20936, 20938, 20939, 20940, 20942, 20943, 20944, 20945, 20946, 20947, 20948, 20949, 20953, 20955, 20956, 20957, 20958, 20959, 20962, 20963, 20964, 20965, 20966, 20967, 20968, 20971, 20972, 20973, 20974, 20975, 20976, 20977, 20979, 20981, 20982, 20983, 20984, 20985, 20987, 20988, 20992, 20993, 20994, 20996, 20998, 20999, 21000, 21001, 21002, 21003, 21004, 21005, 21006, 21007, 21008, 21009, 21010, 21012, 21013, 21014, 21015, 21016, 21017, 21020, 21021, 21022, 21023, 21024, 21025, 21026, 21028, 21029, 21030, 21032, 21033, 21034, 21035, 21036, 21037, 21038, 21039, 21042, 21043, 21044, 21045, 21049, 21051, 21052, 21053, 21054, 21055, 21057, 21058, 21059, 21060, 21061, 21063, 21064, 21065, 21067, 21068, 21069, 21070, 21071, 21072, 21073, 21074, 21075, 21076, 21077, 21078, 21079, 21081, 21083, 21085, 21086, 21087, 21089, 21090, 21091, 21092, 21093, 21094, 21095, 21096, 21097, 21098, 21099, 21101, 21102, 21103, 21105, 21106, 21107, 21109, 21110, 21111, 21112, 21113, 21114, 21115, 21116, 21118, 21119, 21120, 21122, 21123, 21126, 21127, 21129, 21130, 21131, 21132, 21133, 21134, 21135, 21136, 21137, 21138, 21140, 21141, 21142, 21143, 21144, 21145, 21146, 21147, 21148, 21149, 21150, 21151, 21153, 21154, 21155, 21156, 21157, 21158, 21159, 21160, 21161, 21163, 21164, 21166, 21167, 21168, 21170, 21171, 21174, 21175, 21176, 21177, 21178, 21179, 21180, 21181, 21182, 21183, 21185, 21186, 21188, 21189, 21190, 21191, 21192, 21193, 21194, 21195, 21198, 21199, 21200, 21202, 21203, 21204, 21205, 21206, 21207, 21208, 21209, 21210, 21211, 21213, 21214, 21215, 21217, 21218, 21219, 21220, 21221, 21222, 21223, 21224, 21225, 21227, 21229, 21230, 21233, 21235, 21236, 21237, 21238, 21240, 21241, 21244, 21245, 21246, 21247, 21248, 21249, 21250, 21251, 21253, 21255, 21256, 21257, 21258, 21259, 21261, 21262, 21263, 21264, 21265, 21266, 21268, 21269, 21271, 21272, 21273, 21274, 21275, 21276, 21277, 21279, 21280, 21281, 21284, 21285, 21286, 21287, 21288, 21289, 21290, 21291, 21292, 21293, 21294, 21295, 21296, 21297, 21298, 21299, 21300, 21302, 21304, 21306, 21307, 21308, 21309, 21310, 21312, 21315, 21318, 21319, 21321, 21322, 21323, 21324, 21325, 21327, 21329, 21330, 21331, 21332, 21333, 21334, 21336, 21338, 21339, 21340, 21342, 21343, 21344, 21345, 21346, 21347, 21348, 21350, 21351, 21352, 21354, 21355, 21356, 21357, 21358, 21360, 21361, 21364, 21365, 21366, 21367, 21369, 21370, 21373, 21374, 21375, 21377, 21379, 21380, 21382, 21383, 21384, 21385, 21386, 21387, 21388, 21389, 21390, 21391, 21392, 21393, 21394, 21397, 21398, 21399, 21403, 21404, 21405, 21407, 21408, 21409, 21410, 21411, 21412, 21413, 21414, 21415, 21416, 21418, 21419, 21421, 21422, 21424, 21425, 21426, 21427, 21428, 21429, 21431, 21432, 21433, 21434, 21436, 21437, 21438, 21440, 21441, 21442, 21443]
Essay ids in testing:
[21444, 21446, 21447, 21448, 21449, 21450, 21451, 21452, 21453, 21454, 21456, 21457, 21458, 21459, 21460, 21462, 21463, 21465, 21467, 21468, 21470, 21471, 21472, 21473, 21475, 21476, 21477, 21478, 21479, 21480, 21481, 21482, 21483, 21484, 21485, 21487, 21488, 21489, 21490, 21491, 21494, 21495, 21500, 21501, 21502, 21503, 21505, 21506, 21507, 21508, 21509, 21510, 21511, 21512, 21513, 21514, 21515, 21516, 21517, 21518, 21519, 21521, 21522, 21525, 21526, 21529, 21530, 21531, 21532, 21533, 21535, 21536, 21537, 21539, 21540, 21541, 21542, 21544, 21545, 21546, 21547, 21548, 21549, 21550, 21552, 21553, 21554, 21555, 21556, 21557, 21558, 21559, 21560, 21561, 21563, 21564, 21566, 21567, 21568, 21569, 21570, 21571, 21573, 21574, 21575, 21577, 21578, 21579, 21581, 21582, 21584, 21586, 21587, 21589, 21592, 21594, 21595, 21596, 21598, 21599, 21601, 21603, 21604, 21605, 21606, 21607, 21608, 21609, 21610, 21611, 21613, 21615, 21617, 21618, 21619, 21620, 21621, 21623, 21624, 21626, 21628, 21629, 21630, 21633]